1A_0 1A_0 0.20391 0.409671 0.00882864 0.00186444 0.279408 -0.00248953 0.356228 -0.00982034 -0.0400848 0.00443197 0.707445 -0.288675
1B_0 1B_0 0.204571 0.411226 0.0154016 0.0021878 0.282572 0.00236533 0.357366 -0.0066259 0.0366775 -0.00237407 -0.704635 -0.288675
1C_0 1C_0 0.186318 0.340122 -0.00745335 -0.00168913 0.163459 -0.000379968 -0.859872 0.000804978 0.00989909 -0.00367819 0.000656225 -0.288675
1D_0 1D_0 0.167724 0.269185 -0.0525339 0.0161729 -0.898477 -0.000540517 0.0693264 -0.0313426 -8.88021e-06 0.000323854 -0.00189826 -0.288675
2E_0 2E_0 0.22782 -0.371161 -0.30343 0.0127389 0.0583831 -0.0134852 0.0205429 -0.424877 0.670117 -0.00590087 0.033885 -0.288675
2F_0 2F_0 0.221843 -0.358848 -0.284536 0.00975326 0.0555546 -0.00667022 0.00717753 -0.327757 -0.738344 0.00813617 -0.0424241 -0.288675
2G_0 2G_0 0.212536 -0.320857 -0.234703 0.00445128 0.0225321 0.0284597 0.0237196 0.841996 0.0508842 0.00108778 0.00348779 -0.288675
2H_0 2H_0 0.205917 -0.323491 0.876389 -0.0187242 -0.0160429 0.000751771 0.00300852 -0.0298802 0.00582107 -0.000177769 0.00403402 -0.288675
3I_0 3I_0 -0.405916 -0.0114514 -0.0109747 -0.292679 0.00987412 0.440864 0.00393977 -0.0191335 0.00977906 0.686329 -0.0015994 -0.288675
3J_0 3J_0 -0.403508 -0.013448 -0.0127672 -0.313033 0.00930037 0.359215 0.00953235 -0.0155951 -0.00481113 -0.725271 0.00412762 -0.288675
3K_0 3K_0 -0.399388 -0.0150823 -0.0111673 -0.279667 0.00959908 -0.821807 0.00704355 0.0217221 0.000128693 0.0509847 -0.00330746 -0.288675
3L_0 3L_0 -0.421828 -0.0158655 0.0169458 0.858624 0.0238375 0.0137168 0.00198722 0.000507796 -5.74812e-05 -0.0138916 0.000227726 -0.288675
